[gd_scene load_steps=26 format=3 uid="uid://mqyt0ecwsbpp"]

[ext_resource type="Script" uid="uid://buckq04u7fn0t" path="res://components/entities/map_scene.gd" id="1_hqe6c"]
[ext_resource type="Texture2D" uid="uid://mx2guquwixuj" path="res://materials/sky/backstage_world_skybox.hdr" id="2_hqe6c"]
[ext_resource type="Script" uid="uid://in6xgodf72dk" path="res://components/game/image_sky_environment.gd" id="3_s70ij"]
[ext_resource type="ArrayOccluder3D" uid="uid://csis0riumelkl" path="res://maps/srs_horseless_world/srs_horseless_world.occ" id="4_byi3q"]
[ext_resource type="LightmapGIData" uid="uid://wf3g3oe8jhn1" path="res://maps/srs_horseless_world/srs_horseless_world.lmbake" id="5_hqe6c"]
[ext_resource type="PackedScene" uid="uid://dt83ml86etg3s" path="res://maps/srs_horseless_horse_world/srs_horseless_horse_world.glb" id="6_3judj"]
[ext_resource type="Script" uid="uid://ul0kbjravm0b" path="res://components/entities/map_spawnpoint.gd" id="7_5oxoi"]
[ext_resource type="PackedScene" uid="uid://dacmwavvkabdp" path="res://models/prop_tree1/prop_tree1.glb" id="8_4lngc"]
[ext_resource type="Script" uid="uid://b65ry1hptnufj" path="res://components/entities/interactive/map_trinket.gd" id="9_cuyuu"]
[ext_resource type="Script" uid="uid://gpfdxtmbylmt" path="res://components/entities/interactive/base/interactable_conditional.gd" id="9_kx6lq"]
[ext_resource type="Script" uid="uid://c0irewagqysai" path="res://components/entities/interactive/map_interact_auto.gd" id="9_ult4f"]
[ext_resource type="Script" uid="uid://cxskkr6k8urre" path="res://components/entities/interactive/effects/map_player_level_change.gd" id="10_3judj"]
[ext_resource type="Script" uid="uid://cw4axrxes7bwd" path="res://components/entities/interactive/effects/effect_play_music.gd" id="10_cuyuu"]
[ext_resource type="Resource" uid="uid://cidbgrtlau06i" path="res://trinkets/trinket_sumpter_idol/trinket_sumpter_idol.tres" id="10_qmgcn"]
[ext_resource type="Resource" uid="uid://c512e4wcq5vt3" path="res://scenes/ui/transition_effect/fade_transition_effect.tres" id="11_5oxoi"]
[ext_resource type="Resource" uid="uid://uuww4x0qed8i" path="res://resources/music/mus_res_horseless_dark.tres" id="11_aiojt"]
[ext_resource type="Texture2D" uid="uid://ditodu126ato3" path="res://trinkets/trinket_sumpter_idol/trinket_sumpter_idol.png" id="11_cuyuu"]
[ext_resource type="AudioStream" uid="uid://covsgfk7e2gj0" path="res://sounds/entities/doors/qubodup-DoorOpen01.ogg" id="12_4lngc"]
[ext_resource type="Script" uid="uid://smxebn1sb80y" path="res://components/entities/interactive/effects/effect_multiple.gd" id="14_5oxoi"]
[ext_resource type="Script" uid="uid://diry24ij7ve2h" path="res://components/entities/interactive/effects/effect_play_2D_sound.gd" id="17_4lngc"]

[sub_resource type="PanoramaSkyMaterial" id="PanoramaSkyMaterial_byi3q"]
panorama = ExtResource("2_hqe6c")

[sub_resource type="Sky" id="Sky_hqe6c"]
sky_material = SubResource("PanoramaSkyMaterial_byi3q")

[sub_resource type="Environment" id="Environment_aiojt"]
background_mode = 2
sky = SubResource("Sky_hqe6c")
tonemap_mode = 2
tonemap_exposure = 0.55
glow_mix = 0.472
glow_bloom = 1.0
fog_enabled = true
fog_mode = 1
fog_light_color = Color(0.18772167, 0.18772167, 0.18772167, 1)
fog_density = 0.2
fog_sky_affect = 0.262
fog_depth_curve = 0.22531253
fog_depth_begin = 0.0
fog_depth_end = 500.0
adjustment_enabled = true

[sub_resource type="BoxShape3D" id="BoxShape3D_pkvet"]
size = Vector3(5.6845703, 0.17242432, 8.575195)

[sub_resource type="BoxShape3D" id="BoxShape3D_ult4f"]

[node name="SrsHorselessWorld" type="Node3D" node_paths=PackedStringArray("spawnpoints")]
script = ExtResource("1_hqe6c")
map_name = "srs_horseless_world"
spawnpoints = [NodePath("World/MSP_FromNexus"), NodePath("World/SP_FromSubworld")]
metadata/_custom_type_script = "uid://buckq04u7fn0t"

[node name="WorldEnvironment" type="WorldEnvironment" parent="."]
environment = SubResource("Environment_aiojt")
script = ExtResource("3_s70ij")

[node name="OccluderInstance3D" type="OccluderInstance3D" parent="."]
occluder = ExtResource("4_byi3q")
bake_mask = 4294967293

[node name="LightmapGI" type="LightmapGI" parent="."]
quality = 0
light_data = ExtResource("5_hqe6c")

[node name="World" type="Node3D" parent="."]

[node name="srs_horseless_horse_world" parent="World" instance=ExtResource("6_3judj")]

[node name="invis_floor_007" parent="World/srs_horseless_horse_world" index="0"]
gi_lightmap_texel_scale = 0.5

[node name="treeline-detail" parent="World/srs_horseless_horse_world" index="3"]
transform = Transform3D(1, 0, 0, 0, 1, 0, 0, 0, 1, -0.016937256, 0.011062622, 0.014545441)

[node name="Horses" parent="World/srs_horseless_horse_world" index="5"]
process_mode = 4
visible = false

[node name="SP_FromSubworld" type="Marker3D" parent="World"]
transform = Transform3D(-4.371139e-08, 0, -1, 0, 1, 0, 1, 0, -4.371139e-08, -110.52527, 0.11299324, -141.00955)
script = ExtResource("7_5oxoi")
spawn_point_name = "from_subworld"
metadata/_custom_type_script = "uid://ul0kbjravm0b"

[node name="MSP_FromNexus" type="Marker3D" parent="World"]
transform = Transform3D(1, 0, 0, 0, 1, 0, 0, 0, 1, -8.024057, 0.57203627, -7.756004)
script = ExtResource("7_5oxoi")
spawn_point_name = "from_nexus"
metadata/_custom_type_script = "uid://ul0kbjravm0b"

[node name="Trees" type="Node3D" parent="World"]

[node name="prop_tree4" parent="World/Trees" instance=ExtResource("8_4lngc")]
transform = Transform3D(0.50613916, 0, 0.86245185, 0, 1, 0, -0.86245185, 0, 0.50613916, -10.036782, 0.30452275, -15.049572)

[node name="tree1" parent="World/Trees/prop_tree4" index="0"]
cast_shadow = 1
gi_mode = 1
gi_lightmap_texel_scale = 0.2

[node name="tree1_leaves-detail" parent="World/Trees/prop_tree4" index="1"]
transform = Transform3D(1, 0, 0, 0, 0, -1, 0, 1, 0, 0, 0, 0)
cast_shadow = 1
gi_mode = 1
gi_lightmap_texel_scale = 0.2

[node name="prop_tree5" parent="World/Trees" instance=ExtResource("8_4lngc")]
transform = Transform3D(-0.1031571, 0, 0.9946651, 0, 1, 0, -0.9946651, 0, -0.1031571, -0.9339156, 0.25427818, -27.623768)

[node name="tree1" parent="World/Trees/prop_tree5" index="0"]
cast_shadow = 1
gi_mode = 1
gi_lightmap_texel_scale = 0.2

[node name="tree1_leaves-detail" parent="World/Trees/prop_tree5" index="1"]
transform = Transform3D(1, 0, 0, 0, 0, -1, 0, 1, 0, 0, 0, 0)
cast_shadow = 1
gi_mode = 1
gi_lightmap_texel_scale = 0.2

[node name="prop_tree6" parent="World/Trees" instance=ExtResource("8_4lngc")]
transform = Transform3D(0.931818, 0, 0.36292598, 0, 1, 0, -0.36292598, 0, 0.931818, -17.761414, 0.0377388, -25.746765)

[node name="tree1" parent="World/Trees/prop_tree6" index="0"]
cast_shadow = 1
gi_mode = 1
gi_lightmap_texel_scale = 0.2

[node name="tree1_leaves-detail" parent="World/Trees/prop_tree6" index="1"]
transform = Transform3D(1, 0, 0, 0, 0, -1, 0, 1, 0, 0, 0, 0)
cast_shadow = 1
gi_mode = 1
gi_lightmap_texel_scale = 0.2

[node name="prop_tree7" parent="World/Trees" instance=ExtResource("8_4lngc")]
transform = Transform3D(0.029369712, 0, 0.99956864, 0, 1, 0, -0.99956864, 0, 0.029369712, -22.479942, 0.07530689, -15.580875)

[node name="tree1" parent="World/Trees/prop_tree7" index="0"]
cast_shadow = 1
gi_mode = 1
gi_lightmap_texel_scale = 0.2

[node name="tree1_leaves-detail" parent="World/Trees/prop_tree7" index="1"]
transform = Transform3D(1, 0, 0, 0, 0, -1, 0, 1, 0, 0, 0, 0)
cast_shadow = 1
gi_mode = 1
gi_lightmap_texel_scale = 0.2

[node name="prop_tree8" parent="World/Trees" instance=ExtResource("8_4lngc")]
transform = Transform3D(0.50613916, 0, 0.86245185, 0, 1, 0, -0.86245185, 0, 0.50613916, -26.193092, 0.00039672852, -32.14888)

[node name="tree1" parent="World/Trees/prop_tree8" index="0"]
cast_shadow = 1
gi_mode = 1
gi_lightmap_texel_scale = 0.2

[node name="tree1_leaves-detail" parent="World/Trees/prop_tree8" index="1"]
transform = Transform3D(1, 0, 0, 0, 0, -1, 0, 1, 0, 0, 0, 0)
cast_shadow = 1
gi_mode = 1
gi_lightmap_texel_scale = 0.2

[node name="prop_tree9" parent="World/Trees" instance=ExtResource("8_4lngc")]
transform = Transform3D(0.50613916, 0, 0.86245185, 0, 1, 0, -0.86245185, 0, 0.50613916, -31.585085, 0.0019187927, -18.954659)

[node name="tree1" parent="World/Trees/prop_tree9" index="0"]
cast_shadow = 1
gi_mode = 1
gi_lightmap_texel_scale = 0.2

[node name="tree1_leaves-detail" parent="World/Trees/prop_tree9" index="1"]
transform = Transform3D(1, 0, 0, 0, 0, -1, 0, 1, 0, 0, 0, 0)
cast_shadow = 1
gi_mode = 1
gi_lightmap_texel_scale = 0.2

[node name="prop_tree10" parent="World/Trees" instance=ExtResource("8_4lngc")]
transform = Transform3D(0.64273417, 0, 0.7660893, 0, 1, 0, -0.7660893, 0, 0.64273417, -38.646347, 1.2516975e-05, -31.584408)

[node name="tree1" parent="World/Trees/prop_tree10" index="0"]
cast_shadow = 1
gi_mode = 1
gi_lightmap_texel_scale = 0.2

[node name="tree1_leaves-detail" parent="World/Trees/prop_tree10" index="1"]
transform = Transform3D(1, 0, 0, 0, 0, -1, 0, 1, 0, 0, 0, 0)
cast_shadow = 1
gi_mode = 1
gi_lightmap_texel_scale = 0.2

[node name="prop_tree11" parent="World/Trees" instance=ExtResource("8_4lngc")]
transform = Transform3D(0.50613916, 0, 0.86245185, 0, 1, 0, -0.86245185, 0, 0.50613916, -51.433018, 0, -32.10636)

[node name="tree1" parent="World/Trees/prop_tree11" index="0"]
cast_shadow = 1
gi_mode = 1
gi_lightmap_texel_scale = 0.2

[node name="tree1_leaves-detail" parent="World/Trees/prop_tree11" index="1"]
transform = Transform3D(1, 0, 0, 0, 0, -1, 0, 1, 0, 0, 0, 0)
cast_shadow = 1
gi_mode = 1
gi_lightmap_texel_scale = 0.2

[node name="prop_tree12" parent="World/Trees" instance=ExtResource("8_4lngc")]
transform = Transform3D(0.50613916, 0, 0.86245185, 0, 1, 0, -0.86245185, 0, 0.50613916, -35.422813, 0.000910759, -42.29033)

[node name="tree1" parent="World/Trees/prop_tree12" index="0"]
cast_shadow = 1
gi_mode = 1
gi_lightmap_texel_scale = 0.2

[node name="tree1_leaves-detail" parent="World/Trees/prop_tree12" index="1"]
transform = Transform3D(1, 0, 0, 0, 0, -1, 0, 1, 0, 0, 0, 0)
cast_shadow = 1
gi_mode = 1
gi_lightmap_texel_scale = 0.2

[node name="prop_tree13" parent="World/Trees" instance=ExtResource("8_4lngc")]
transform = Transform3D(0.50613916, 0, 0.86245185, 0, 1, 0, -0.86245185, 0, 0.50613916, 12.985571, 0.7304783, -29.858109)

[node name="tree1" parent="World/Trees/prop_tree13" index="0"]
cast_shadow = 1
gi_mode = 1
gi_lightmap_texel_scale = 0.2

[node name="tree1_leaves-detail" parent="World/Trees/prop_tree13" index="1"]
transform = Transform3D(1, 0, 0, 0, 0, -1, 0, 1, 0, 0, 0, 0)
cast_shadow = 1
gi_mode = 1
gi_lightmap_texel_scale = 0.2

[node name="prop_tree14" parent="World/Trees" instance=ExtResource("8_4lngc")]
transform = Transform3D(0.64273417, 0, 0.7660893, 0, 1, 0, -0.7660893, 0, 0.64273417, -7.963209, 0.03188324, -37.215027)

[node name="tree1" parent="World/Trees/prop_tree14" index="0"]
cast_shadow = 1
gi_mode = 1
gi_lightmap_texel_scale = 0.2

[node name="tree1_leaves-detail" parent="World/Trees/prop_tree14" index="1"]
transform = Transform3D(1, 0, 0, 0, 0, -1, 0, 1, 0, 0, 0, 0)
cast_shadow = 1
gi_mode = 1
gi_lightmap_texel_scale = 0.2

[node name="prop_tree15" parent="World/Trees" instance=ExtResource("8_4lngc")]
transform = Transform3D(0.50613916, 0, 0.86245185, 0, 1, 0, -0.86245185, 0, 0.50613916, -26.789362, 0.0049324036, -43.637516)

[node name="tree1" parent="World/Trees/prop_tree15" index="0"]
cast_shadow = 1
gi_mode = 1
gi_lightmap_texel_scale = 0.2

[node name="tree1_leaves-detail" parent="World/Trees/prop_tree15" index="1"]
transform = Transform3D(1, 0, 0, 0, 0, -1, 0, 1, 0, 0, 0, 0)
cast_shadow = 1
gi_mode = 1
gi_lightmap_texel_scale = 0.2

[node name="prop_tree16" parent="World/Trees" instance=ExtResource("8_4lngc")]
transform = Transform3D(0.50613916, 0, 0.86245185, 0, 1, 0, -0.86245185, 0, 0.50613916, -12.565298, 0.048934937, -49.89811)

[node name="tree1" parent="World/Trees/prop_tree16" index="0"]
cast_shadow = 1
gi_mode = 1
gi_lightmap_texel_scale = 0.2

[node name="tree1_leaves-detail" parent="World/Trees/prop_tree16" index="1"]
transform = Transform3D(1, 0, 0, 0, 0, -1, 0, 1, 0, 0, 0, 0)
cast_shadow = 1
gi_mode = 1
gi_lightmap_texel_scale = 0.2

[node name="prop_tree17" parent="World/Trees" instance=ExtResource("8_4lngc")]
transform = Transform3D(0.931818, 0, 0.36292598, 0, 1, 0, -0.36292598, 0, 0.931818, 4.1340313, 0.20859528, -36.58542)

[node name="tree1" parent="World/Trees/prop_tree17" index="0"]
cast_shadow = 1
gi_mode = 1
gi_lightmap_texel_scale = 0.2

[node name="tree1_leaves-detail" parent="World/Trees/prop_tree17" index="1"]
transform = Transform3D(1, 0, 0, 0, 0, -1, 0, 1, 0, 0, 0, 0)
cast_shadow = 1
gi_mode = 1
gi_lightmap_texel_scale = 0.2

[node name="prop_tree18" parent="World/Trees" instance=ExtResource("8_4lngc")]
transform = Transform3D(-0.5956924, 0, -0.8032127, 0, 1, 0, 0.8032127, 0, -0.5956924, -14.759195, 0.27105522, -76.531845)

[node name="tree1" parent="World/Trees/prop_tree18" index="0"]
cast_shadow = 1
gi_mode = 1
gi_lightmap_texel_scale = 0.2

[node name="tree1_leaves-detail" parent="World/Trees/prop_tree18" index="1"]
transform = Transform3D(1, 0, 0, 0, 0, -1, 0, 1, 0, 0, 0, 0)
cast_shadow = 1
gi_mode = 1
gi_lightmap_texel_scale = 0.2

[node name="prop_tree19" parent="World/Trees" instance=ExtResource("8_4lngc")]
transform = Transform3D(-0.5956924, 0, -0.8032127, 0, 1, 0, 0.8032127, 0, -0.5956924, -24.10107, 0.053738594, -64.8188)

[node name="tree1" parent="World/Trees/prop_tree19" index="0"]
cast_shadow = 1
gi_mode = 1
gi_lightmap_texel_scale = 0.2

[node name="tree1_leaves-detail" parent="World/Trees/prop_tree19" index="1"]
transform = Transform3D(1, 0, 0, 0, 0, -1, 0, 1, 0, 0, 0, 0)
cast_shadow = 1
gi_mode = 1
gi_lightmap_texel_scale = 0.2

[node name="prop_tree20" parent="World/Trees" instance=ExtResource("8_4lngc")]
transform = Transform3D(-0.5956924, 0, -0.8032127, 0, 1, 0, 0.8032127, 0, -0.5956924, -8.226031, 0.17610455, -65.0681)

[node name="tree1" parent="World/Trees/prop_tree20" index="0"]
cast_shadow = 1
gi_mode = 1
gi_lightmap_texel_scale = 0.2

[node name="tree1_leaves-detail" parent="World/Trees/prop_tree20" index="1"]
transform = Transform3D(1, 0, 0, 0, 0, -1, 0, 1, 0, 0, 0, 0)
cast_shadow = 1
gi_mode = 1
gi_lightmap_texel_scale = 0.2

[node name="prop_tree21" parent="World/Trees" instance=ExtResource("8_4lngc")]
transform = Transform3D(-0.5956924, 0, -0.8032127, 0, 1, 0, 0.8032127, 0, -0.5956924, -2.4447298, 0.8396969, -74.669464)

[node name="tree1" parent="World/Trees/prop_tree21" index="0"]
cast_shadow = 1
gi_mode = 1
gi_lightmap_texel_scale = 0.2

[node name="tree1_leaves-detail" parent="World/Trees/prop_tree21" index="1"]
transform = Transform3D(1, 0, 0, 0, 0, -1, 0, 1, 0, 0, 0, 0)
cast_shadow = 1
gi_mode = 1
gi_lightmap_texel_scale = 0.2

[node name="prop_tree22" parent="World/Trees" instance=ExtResource("8_4lngc")]
transform = Transform3D(-0.965359, 0, -0.26092562, 0, 1, 0, 0.26092562, 0, -0.965359, -0.5293832, 0.179183, -57.79885)

[node name="tree1" parent="World/Trees/prop_tree22" index="0"]
cast_shadow = 1
gi_mode = 1
gi_lightmap_texel_scale = 0.2

[node name="tree1_leaves-detail" parent="World/Trees/prop_tree22" index="1"]
transform = Transform3D(1, 0, 0, 0, 0, -1, 0, 1, 0, 0, 0, 0)
cast_shadow = 1
gi_mode = 1
gi_lightmap_texel_scale = 0.2

[node name="prop_tree23" parent="World/Trees" instance=ExtResource("8_4lngc")]
transform = Transform3D(-0.1363728, 0, -0.9906577, 0, 1, 0, 0.9906577, 0, -0.1363728, 6.246193, 1.2039618, -70.3389)

[node name="tree1" parent="World/Trees/prop_tree23" index="0"]
cast_shadow = 1
gi_mode = 1
gi_lightmap_texel_scale = 0.2

[node name="tree1_leaves-detail" parent="World/Trees/prop_tree23" index="1"]
transform = Transform3D(1, 0, 0, 0, 0, -1, 0, 1, 0, 0, 0, 0)
cast_shadow = 1
gi_mode = 1
gi_lightmap_texel_scale = 0.2

[node name="prop_tree24" parent="World/Trees" instance=ExtResource("8_4lngc")]
transform = Transform3D(-0.5956924, 0, -0.8032127, 0, 1, 0, 0.8032127, 0, -0.5956924, 14.593096, 0.84722567, -60.852833)

[node name="tree1" parent="World/Trees/prop_tree24" index="0"]
cast_shadow = 1
gi_mode = 1
gi_lightmap_texel_scale = 0.2

[node name="tree1_leaves-detail" parent="World/Trees/prop_tree24" index="1"]
transform = Transform3D(1, 0, 0, 0, 0, -1, 0, 1, 0, 0, 0, 0)
cast_shadow = 1
gi_mode = 1
gi_lightmap_texel_scale = 0.2

[node name="prop_tree25" parent="World/Trees" instance=ExtResource("8_4lngc")]
transform = Transform3D(-0.5956924, 0, -0.8032127, 0, 1, 0, 0.8032127, 0, -0.5956924, 5.567959, 2.6271882, -91.1947)

[node name="tree1" parent="World/Trees/prop_tree25" index="0"]
cast_shadow = 1
gi_mode = 1
gi_lightmap_texel_scale = 0.2

[node name="tree1_leaves-detail" parent="World/Trees/prop_tree25" index="1"]
transform = Transform3D(1, 0, 0, 0, 0, -1, 0, 1, 0, 0, 0, 0)
cast_shadow = 1
gi_mode = 1
gi_lightmap_texel_scale = 0.2

[node name="prop_tree26" parent="World/Trees" instance=ExtResource("8_4lngc")]
transform = Transform3D(-0.5956924, 0, -0.8032127, 0, 1, 0, 0.8032127, 0, -0.5956924, 7.55978, 0.16566515, -46.726265)

[node name="tree1" parent="World/Trees/prop_tree26" index="0"]
cast_shadow = 1
gi_mode = 1
gi_lightmap_texel_scale = 0.2

[node name="tree1_leaves-detail" parent="World/Trees/prop_tree26" index="1"]
transform = Transform3D(1, 0, 0, 0, 0, -1, 0, 1, 0, 0, 0, 0)
cast_shadow = 1
gi_mode = 1
gi_lightmap_texel_scale = 0.2

[node name="prop_tree27" parent="World/Trees" instance=ExtResource("8_4lngc")]
transform = Transform3D(-0.965359, 0, -0.26092562, 0, 1, 0, 0.26092562, 0, -0.965359, -39.236588, 0.006875038, -64.2771)

[node name="tree1" parent="World/Trees/prop_tree27" index="0"]
cast_shadow = 1
gi_mode = 1
gi_lightmap_texel_scale = 0.2

[node name="tree1_leaves-detail" parent="World/Trees/prop_tree27" index="1"]
transform = Transform3D(1, 0, 0, 0, 0, -1, 0, 1, 0, 0, 0, 0)
cast_shadow = 1
gi_mode = 1
gi_lightmap_texel_scale = 0.2

[node name="prop_tree28" parent="World/Trees" instance=ExtResource("8_4lngc")]
transform = Transform3D(-0.1363728, 0, -0.9906577, 0, 1, 0, 0.9906577, 0, -0.1363728, -19.197365, 0.037299633, -54.71649)

[node name="tree1" parent="World/Trees/prop_tree28" index="0"]
cast_shadow = 1
gi_mode = 1
gi_lightmap_texel_scale = 0.2

[node name="tree1_leaves-detail" parent="World/Trees/prop_tree28" index="1"]
transform = Transform3D(1, 0, 0, 0, 0, -1, 0, 1, 0, 0, 0, 0)
cast_shadow = 1
gi_mode = 1
gi_lightmap_texel_scale = 0.2

[node name="prop_tree29" parent="World/Trees" instance=ExtResource("8_4lngc")]
transform = Transform3D(-0.5956924, 0, -0.8032127, 0, 1, 0, 0.8032127, 0, -0.5956924, -1.1683464, 0.084224224, -46.312515)

[node name="tree1" parent="World/Trees/prop_tree29" index="0"]
cast_shadow = 1
gi_mode = 1
gi_lightmap_texel_scale = 0.2

[node name="tree1_leaves-detail" parent="World/Trees/prop_tree29" index="1"]
transform = Transform3D(1, 0, 0, 0, 0, -1, 0, 1, 0, 0, 0, 0)
cast_shadow = 1
gi_mode = 1
gi_lightmap_texel_scale = 0.2

[node name="prop_tree30" parent="World/Trees" instance=ExtResource("8_4lngc")]
transform = Transform3D(-0.965359, 0, -0.26092562, 0, 1, 0, 0.26092562, 0, -0.965359, -15.9816675, 0.011487484, -41.61309)

[node name="tree1" parent="World/Trees/prop_tree30" index="0"]
cast_shadow = 1
gi_mode = 1
gi_lightmap_texel_scale = 0.2

[node name="tree1_leaves-detail" parent="World/Trees/prop_tree30" index="1"]
transform = Transform3D(1, 0, 0, 0, 0, -1, 0, 1, 0, 0, 0, 0)
cast_shadow = 1
gi_mode = 1
gi_lightmap_texel_scale = 0.2

[node name="prop_tree31" parent="World/Trees" instance=ExtResource("8_4lngc")]
transform = Transform3D(-0.5956924, 0, -0.8032127, 0, 1, 0, 0.8032127, 0, -0.5956924, -31.157364, 0.010611057, -56.639523)

[node name="tree1" parent="World/Trees/prop_tree31" index="0"]
cast_shadow = 1
gi_mode = 1
gi_lightmap_texel_scale = 0.2

[node name="tree1_leaves-detail" parent="World/Trees/prop_tree31" index="1"]
transform = Transform3D(1, 0, 0, 0, 0, -1, 0, 1, 0, 0, 0, 0)
cast_shadow = 1
gi_mode = 1
gi_lightmap_texel_scale = 0.2

[node name="Trees2" type="Node3D" parent="World"]
transform = Transform3D(0.9995452, 0, -0.030154718, 0, 1, 0, 0.030154718, 0, 0.9995452, -12.6604805, 0.74815476, 83.7538)

[node name="prop_tree4" parent="World/Trees2" instance=ExtResource("8_4lngc")]
transform = Transform3D(0.5061394, 0, 0.8624521, 0, 1, 0, -0.8624521, 0, 0.5061394, 14.606307, -0.082642436, -101.8469)

[node name="tree1" parent="World/Trees2/prop_tree4" index="0"]
cast_shadow = 1
gi_mode = 1
gi_lightmap_texel_scale = 0.2

[node name="tree1_leaves-detail" parent="World/Trees2/prop_tree4" index="1"]
transform = Transform3D(1, 0, 0, 0, 0, -1, 0, 1, 0, 0, 0, 0)
cast_shadow = 1
gi_mode = 1
gi_lightmap_texel_scale = 0.2

[node name="prop_tree5" parent="World/Trees2" instance=ExtResource("8_4lngc")]
transform = Transform3D(0.02936971, 0, 0.9995689, 0, 1, 0, -0.9995689, 0, 0.02936971, -42.98352, 0.45450866, -47.789932)

[node name="tree1" parent="World/Trees2/prop_tree5" index="0"]
cast_shadow = 1
gi_mode = 1
gi_lightmap_texel_scale = 0.2

[node name="tree1_leaves-detail" parent="World/Trees2/prop_tree5" index="1"]
transform = Transform3D(1, 0, 0, 0, 0, -1, 0, 1, 0, 0, 0, 0)
cast_shadow = 1
gi_mode = 1
gi_lightmap_texel_scale = 0.2

[node name="prop_tree6" parent="World/Trees2" instance=ExtResource("8_4lngc")]
transform = Transform3D(0.9318181, 0, 0.36292604, 0, 1, 0, -0.36292604, 0, 0.9318181, -45.52295, 0.37214482, -58.9179)

[node name="tree1" parent="World/Trees2/prop_tree6" index="0"]
cast_shadow = 1
gi_mode = 1
gi_lightmap_texel_scale = 0.2

[node name="tree1_leaves-detail" parent="World/Trees2/prop_tree6" index="1"]
transform = Transform3D(1, 0, 0, 0, 0, -1, 0, 1, 0, 0, 0, 0)
cast_shadow = 1
gi_mode = 1
gi_lightmap_texel_scale = 0.2

[node name="prop_tree7" parent="World/Trees2" instance=ExtResource("8_4lngc")]
transform = Transform3D(0.02936971, 0, 0.9995689, 0, 1, 0, -0.9995689, 0, 0.02936971, -47.278275, 0.5171741, -38.843758)

[node name="tree1" parent="World/Trees2/prop_tree7" index="0"]
cast_shadow = 1
gi_mode = 1
gi_lightmap_texel_scale = 0.2

[node name="tree1_leaves-detail" parent="World/Trees2/prop_tree7" index="1"]
transform = Transform3D(1, 0, 0, 0, 0, -1, 0, 1, 0, 0, 0, 0)
cast_shadow = 1
gi_mode = 1
gi_lightmap_texel_scale = 0.2

[node name="prop_tree8" parent="World/Trees2" instance=ExtResource("8_4lngc")]
transform = Transform3D(0.5061392, 0, 0.8624519, 0, 1, 0, -0.8624519, 0, 0.5061392, -26.193096, 0.17912132, -32.148884)

[node name="tree1" parent="World/Trees2/prop_tree8" index="0"]
cast_shadow = 1
gi_mode = 1
gi_lightmap_texel_scale = 0.2

[node name="tree1_leaves-detail" parent="World/Trees2/prop_tree8" index="1"]
transform = Transform3D(1, 0, 0, 0, 0, -1, 0, 1, 0, 0, 0, 0)
cast_shadow = 1
gi_mode = 1
gi_lightmap_texel_scale = 0.2

[node name="prop_tree9" parent="World/Trees2" instance=ExtResource("8_4lngc")]
transform = Transform3D(0.5061393, 0, 0.862452, 0, 1, 0, -0.862452, 0, 0.5061393, -60.482635, 0.4079336, -33.499023)

[node name="tree1" parent="World/Trees2/prop_tree9" index="0"]
cast_shadow = 1
gi_mode = 1
gi_lightmap_texel_scale = 0.2

[node name="tree1_leaves-detail" parent="World/Trees2/prop_tree9" index="1"]
transform = Transform3D(1, 0, 0, 0, 0, -1, 0, 1, 0, 0, 0, 0)
cast_shadow = 1
gi_mode = 1
gi_lightmap_texel_scale = 0.2

[node name="prop_tree10" parent="World/Trees2" instance=ExtResource("8_4lngc")]
transform = Transform3D(0.6427342, 0, 0.7660894, 0, 1, 0, -0.7660894, 0, 0.6427342, -40.90096, 0.16432726, -27.491096)

[node name="tree1" parent="World/Trees2/prop_tree10" index="0"]
cast_shadow = 1
gi_mode = 1
gi_lightmap_texel_scale = 0.2

[node name="tree1_leaves-detail" parent="World/Trees2/prop_tree10" index="1"]
transform = Transform3D(1, 0, 0, 0, 0, -1, 0, 1, 0, 0, 0, 0)
cast_shadow = 1
gi_mode = 1
gi_lightmap_texel_scale = 0.2

[node name="prop_tree11" parent="World/Trees2" instance=ExtResource("8_4lngc")]
transform = Transform3D(0.5061393, 0, 0.862452, 0, 1, 0, -0.862452, 0, 0.5061393, -57.008484, 0.29162157, -41.38184)

[node name="tree1" parent="World/Trees2/prop_tree11" index="0"]
cast_shadow = 1
gi_mode = 1
gi_lightmap_texel_scale = 0.2

[node name="tree1_leaves-detail" parent="World/Trees2/prop_tree11" index="1"]
transform = Transform3D(1, 0, 0, 0, 0, -1, 0, 1, 0, 0, 0, 0)
cast_shadow = 1
gi_mode = 1
gi_lightmap_texel_scale = 0.2

[node name="prop_tree12" parent="World/Trees2" instance=ExtResource("8_4lngc")]
transform = Transform3D(0.5061392, 0, 0.8624519, 0, 1, 0, -0.8624519, 0, 0.5061392, -35.422817, -0.15458584, -42.290333)

[node name="tree1" parent="World/Trees2/prop_tree12" index="0"]
cast_shadow = 1
gi_mode = 1
gi_lightmap_texel_scale = 0.2

[node name="tree1_leaves-detail" parent="World/Trees2/prop_tree12" index="1"]
transform = Transform3D(1, 0, 0, 0, 0, -1, 0, 1, 0, 0, 0, 0)
cast_shadow = 1
gi_mode = 1
gi_lightmap_texel_scale = 0.2

[node name="prop_tree13" parent="World/Trees2" instance=ExtResource("8_4lngc")]
transform = Transform3D(0.50613934, 0, 0.86245203, 0, 1, 0, -0.86245203, 0, 0.50613934, 11.081771, -0.059435487, -92.96388)

[node name="tree1" parent="World/Trees2/prop_tree13" index="0"]
cast_shadow = 1
gi_mode = 1
gi_lightmap_texel_scale = 0.2

[node name="tree1_leaves-detail" parent="World/Trees2/prop_tree13" index="1"]
transform = Transform3D(1, 0, 0, 0, 0, -1, 0, 1, 0, 0, 0, 0)
cast_shadow = 1
gi_mode = 1
gi_lightmap_texel_scale = 0.2

[node name="prop_tree14" parent="World/Trees2" instance=ExtResource("8_4lngc")]
transform = Transform3D(0.6427342, 0, 0.7660894, 0, 1, 0, -0.7660894, 0, 0.6427342, -7.96321, 0.23850733, -37.21503)

[node name="tree1" parent="World/Trees2/prop_tree14" index="0"]
cast_shadow = 1
gi_mode = 1
gi_lightmap_texel_scale = 0.2

[node name="tree1_leaves-detail" parent="World/Trees2/prop_tree14" index="1"]
transform = Transform3D(1, 0, 0, 0, 0, -1, 0, 1, 0, 0, 0, 0)
cast_shadow = 1
gi_mode = 1
gi_lightmap_texel_scale = 0.2

[node name="prop_tree15" parent="World/Trees2" instance=ExtResource("8_4lngc")]
transform = Transform3D(0.5061392, 0, 0.8624519, 0, 1, 0, -0.8624519, 0, 0.5061392, -26.789364, -0.11745024, -43.637524)

[node name="tree1" parent="World/Trees2/prop_tree15" index="0"]
cast_shadow = 1
gi_mode = 1
gi_lightmap_texel_scale = 0.2

[node name="tree1_leaves-detail" parent="World/Trees2/prop_tree15" index="1"]
transform = Transform3D(1, 0, 0, 0, 0, -1, 0, 1, 0, 0, 0, 0)
cast_shadow = 1
gi_mode = 1
gi_lightmap_texel_scale = 0.2

[node name="prop_tree16" parent="World/Trees2" instance=ExtResource("8_4lngc")]
transform = Transform3D(0.5061392, 0, 0.8624519, 0, 1, 0, -0.8624519, 0, 0.5061392, -12.565299, -0.0657928, -49.898117)

[node name="tree1" parent="World/Trees2/prop_tree16" index="0"]
cast_shadow = 1
gi_mode = 1
gi_lightmap_texel_scale = 0.2

[node name="tree1_leaves-detail" parent="World/Trees2/prop_tree16" index="1"]
transform = Transform3D(1, 0, 0, 0, 0, -1, 0, 1, 0, 0, 0, 0)
cast_shadow = 1
gi_mode = 1
gi_lightmap_texel_scale = 0.2

[node name="prop_tree17" parent="World/Trees2" instance=ExtResource("8_4lngc")]
transform = Transform3D(0.9318182, 0, 0.36292607, 0, 1, 0, -0.36292607, 0, 0.9318182, 13.1485, 0.18654358, -77.136696)

[node name="tree1" parent="World/Trees2/prop_tree17" index="0"]
cast_shadow = 1
gi_mode = 1
gi_lightmap_texel_scale = 0.2

[node name="tree1_leaves-detail" parent="World/Trees2/prop_tree17" index="1"]
transform = Transform3D(1, 0, 0, 0, 0, -1, 0, 1, 0, 0, 0, 0)
cast_shadow = 1
gi_mode = 1
gi_lightmap_texel_scale = 0.2

[node name="prop_tree18" parent="World/Trees2" instance=ExtResource("8_4lngc")]
transform = Transform3D(-0.5956924, 0, -0.80321276, 0, 1, 0, 0.80321276, 0, -0.5956924, -15.418206, -0.33644545, -63.007942)

[node name="tree1" parent="World/Trees2/prop_tree18" index="0"]
cast_shadow = 1
gi_mode = 1
gi_lightmap_texel_scale = 0.2

[node name="tree1_leaves-detail" parent="World/Trees2/prop_tree18" index="1"]
transform = Transform3D(1, 0, 0, 0, 0, -1, 0, 1, 0, 0, 0, 0)
cast_shadow = 1
gi_mode = 1
gi_lightmap_texel_scale = 0.2

[node name="prop_tree19" parent="World/Trees2" instance=ExtResource("8_4lngc")]
transform = Transform3D(-0.5956924, 0, -0.80321276, 0, 1, 0, 0.80321276, 0, -0.5956924, -23.162529, -0.4382168, -59.893944)

[node name="tree1" parent="World/Trees2/prop_tree19" index="0"]
cast_shadow = 1
gi_mode = 1
gi_lightmap_texel_scale = 0.2

[node name="tree1_leaves-detail" parent="World/Trees2/prop_tree19" index="1"]
transform = Transform3D(1, 0, 0, 0, 0, -1, 0, 1, 0, 0, 0, 0)
cast_shadow = 1
gi_mode = 1
gi_lightmap_texel_scale = 0.2

[node name="prop_tree20" parent="World/Trees2" instance=ExtResource("8_4lngc")]
transform = Transform3D(-0.5956924, 0, -0.80321276, 0, 1, 0, 0.80321276, 0, -0.5956924, -8.226031, -0.20876908, -65.06811)

[node name="tree1" parent="World/Trees2/prop_tree20" index="0"]
cast_shadow = 1
gi_mode = 1
gi_lightmap_texel_scale = 0.2

[node name="tree1_leaves-detail" parent="World/Trees2/prop_tree20" index="1"]
transform = Transform3D(1, 0, 0, 0, 0, -1, 0, 1, 0, 0, 0, 0)
cast_shadow = 1
gi_mode = 1
gi_lightmap_texel_scale = 0.2

[node name="prop_tree21" parent="World/Trees2" instance=ExtResource("8_4lngc")]
transform = Transform3D(-0.5956924, 0, -0.80321276, 0, 1, 0, 0.80321276, 0, -0.5956924, -2.4447308, -0.19145548, -74.66947)

[node name="tree1" parent="World/Trees2/prop_tree21" index="0"]
cast_shadow = 1
gi_mode = 1
gi_lightmap_texel_scale = 0.2

[node name="tree1_leaves-detail" parent="World/Trees2/prop_tree21" index="1"]
transform = Transform3D(1, 0, 0, 0, 0, -1, 0, 1, 0, 0, 0, 0)
cast_shadow = 1
gi_mode = 1
gi_lightmap_texel_scale = 0.2

[node name="prop_tree22" parent="World/Trees2" instance=ExtResource("8_4lngc")]
transform = Transform3D(-0.96535903, 0, -0.26092562, 0, 1, 0, 0.26092562, 0, -0.96535903, -0.52938366, 0.05816877, -57.79886)

[node name="tree1" parent="World/Trees2/prop_tree22" index="0"]
cast_shadow = 1
gi_mode = 1
gi_lightmap_texel_scale = 0.2

[node name="tree1_leaves-detail" parent="World/Trees2/prop_tree22" index="1"]
transform = Transform3D(1, 0, 0, 0, 0, -1, 0, 1, 0, 0, 0, 0)
cast_shadow = 1
gi_mode = 1
gi_lightmap_texel_scale = 0.2

[node name="prop_tree23" parent="World/Trees2" instance=ExtResource("8_4lngc")]
transform = Transform3D(-0.1363728, 0, -0.9906577, 0, 1, 0, 0.9906577, 0, -0.1363728, 6.246193, 0.07829678, -70.338905)

[node name="tree1" parent="World/Trees2/prop_tree23" index="0"]
cast_shadow = 1
gi_mode = 1
gi_lightmap_texel_scale = 0.2

[node name="tree1_leaves-detail" parent="World/Trees2/prop_tree23" index="1"]
transform = Transform3D(1, 0, 0, 0, 0, -1, 0, 1, 0, 0, 0, 0)
cast_shadow = 1
gi_mode = 1
gi_lightmap_texel_scale = 0.2

[node name="prop_tree24" parent="World/Trees2" instance=ExtResource("8_4lngc")]
transform = Transform3D(-0.5956924, 0, -0.80321276, 0, 1, 0, 0.80321276, 0, -0.5956924, 14.593097, 0.37861323, -60.852837)

[node name="tree1" parent="World/Trees2/prop_tree24" index="0"]
cast_shadow = 1
gi_mode = 1
gi_lightmap_texel_scale = 0.2

[node name="tree1_leaves-detail" parent="World/Trees2/prop_tree24" index="1"]
transform = Transform3D(1, 0, 0, 0, 0, -1, 0, 1, 0, 0, 0, 0)
cast_shadow = 1
gi_mode = 1
gi_lightmap_texel_scale = 0.2

[node name="prop_tree25" parent="World/Trees2" instance=ExtResource("8_4lngc")]
transform = Transform3D(-0.5956924, 0, -0.803213, 0, 1, 0, 0.803213, 0, -0.5956924, 5.226215, -0.09188676, -82.666016)

[node name="tree1" parent="World/Trees2/prop_tree25" index="0"]
cast_shadow = 1
gi_mode = 1
gi_lightmap_texel_scale = 0.2

[node name="tree1_leaves-detail" parent="World/Trees2/prop_tree25" index="1"]
transform = Transform3D(1, 0, 0, 0, 0, -1, 0, 1, 0, 0, 0, 0)
cast_shadow = 1
gi_mode = 1
gi_lightmap_texel_scale = 0.2

[node name="prop_tree26" parent="World/Trees2" instance=ExtResource("8_4lngc")]
transform = Transform3D(-0.5956924, 0, -0.80321276, 0, 1, 0, 0.80321276, 0, -0.5956924, 7.5597806, 0.36645198, -46.726273)

[node name="tree1" parent="World/Trees2/prop_tree26" index="0"]
cast_shadow = 1
gi_mode = 1
gi_lightmap_texel_scale = 0.2

[node name="tree1_leaves-detail" parent="World/Trees2/prop_tree26" index="1"]
transform = Transform3D(1, 0, 0, 0, 0, -1, 0, 1, 0, 0, 0, 0)
cast_shadow = 1
gi_mode = 1
gi_lightmap_texel_scale = 0.2

[node name="prop_tree27" parent="World/Trees2" instance=ExtResource("8_4lngc")]
transform = Transform3D(-0.96535903, 0, -0.26092562, 0, 1, 0, 0.26092562, 0, -0.96535903, -53.60931, -0.74693286, -62.856117)

[node name="tree1" parent="World/Trees2/prop_tree27" index="0"]
cast_shadow = 1
gi_mode = 1
gi_lightmap_texel_scale = 0.2

[node name="tree1_leaves-detail" parent="World/Trees2/prop_tree27" index="1"]
transform = Transform3D(1, 0, 0, 0, 0, -1, 0, 1, 0, 0, 0, 0)
cast_shadow = 1
gi_mode = 1
gi_lightmap_texel_scale = 0.2

[node name="prop_tree28" parent="World/Trees2" instance=ExtResource("8_4lngc")]
transform = Transform3D(-0.1363728, 0, -0.9906577, 0, 1, 0, 0.9906577, 0, -0.1363728, -19.197369, -0.26342463, -54.7165)

[node name="tree1" parent="World/Trees2/prop_tree28" index="0"]
cast_shadow = 1
gi_mode = 1
gi_lightmap_texel_scale = 0.2

[node name="tree1_leaves-detail" parent="World/Trees2/prop_tree28" index="1"]
transform = Transform3D(1, 0, 0, 0, 0, -1, 0, 1, 0, 0, 0, 0)
cast_shadow = 1
gi_mode = 1
gi_lightmap_texel_scale = 0.2

[node name="prop_tree29" parent="World/Trees2" instance=ExtResource("8_4lngc")]
transform = Transform3D(-0.5956924, 0, -0.80321276, 0, 1, 0, 0.80321276, 0, -0.5956924, -1.1683474, 0.20336735, -46.312523)

[node name="tree1" parent="World/Trees2/prop_tree29" index="0"]
cast_shadow = 1
gi_mode = 1
gi_lightmap_texel_scale = 0.2

[node name="tree1_leaves-detail" parent="World/Trees2/prop_tree29" index="1"]
transform = Transform3D(1, 0, 0, 0, 0, -1, 0, 1, 0, 0, 0, 0)
cast_shadow = 1
gi_mode = 1
gi_lightmap_texel_scale = 0.2

[node name="prop_tree30" parent="World/Trees2" instance=ExtResource("8_4lngc")]
transform = Transform3D(-0.96535903, 0, -0.26092562, 0, 1, 0, 0.26092562, 0, -0.96535903, -15.9816675, 0.053575456, -41.613094)

[node name="tree1" parent="World/Trees2/prop_tree30" index="0"]
cast_shadow = 1
gi_mode = 1
gi_lightmap_texel_scale = 0.2

[node name="tree1_leaves-detail" parent="World/Trees2/prop_tree30" index="1"]
transform = Transform3D(1, 0, 0, 0, 0, -1, 0, 1, 0, 0, 0, 0)
cast_shadow = 1
gi_mode = 1
gi_lightmap_texel_scale = 0.2

[node name="prop_tree31" parent="World/Trees2" instance=ExtResource("8_4lngc")]
transform = Transform3D(-0.5956924, 0, -0.80321276, 0, 1, 0, 0.80321276, 0, -0.5956924, -31.157368, -0.48963392, -56.639534)

[node name="tree1" parent="World/Trees2/prop_tree31" index="0"]
cast_shadow = 1
gi_mode = 1
gi_lightmap_texel_scale = 0.2

[node name="tree1_leaves-detail" parent="World/Trees2/prop_tree31" index="1"]
transform = Transform3D(1, 0, 0, 0, 0, -1, 0, 1, 0, 0, 0, 0)
cast_shadow = 1
gi_mode = 1
gi_lightmap_texel_scale = 0.2

[node name="Trees3" type="Node3D" parent="World"]
transform = Transform3D(-0.6737479, 0, 0.73896116, 0, 1, 0, -0.73896116, 0, -0.6737479, 65.42533, 0.74817, -4.9250717)

[node name="prop_tree4" parent="World/Trees3" instance=ExtResource("8_4lngc")]
transform = Transform3D(0.50613964, 0, 0.86245227, 0, 1, 0, -0.86245227, 0, 0.50613964, 304.5967, 3.1229887, 0.12044525)

[node name="tree1" parent="World/Trees3/prop_tree4" index="0"]
cast_shadow = 1
gi_mode = 1
gi_lightmap_texel_scale = 0.2

[node name="tree1_leaves-detail" parent="World/Trees3/prop_tree4" index="1"]
transform = Transform3D(1, 0, 0, 0, 0, -1, 0, 1, 0, 0, 0, 0)
cast_shadow = 1
gi_mode = 1
gi_lightmap_texel_scale = 0.2

[node name="prop_tree5" parent="World/Trees3" instance=ExtResource("8_4lngc")]
transform = Transform3D(0.02937001, 0, 0.9995692, 0, 1, 0, -0.9995692, 0, 0.02937001, 312.62888, 5.1750917, -12.526665)

[node name="tree1" parent="World/Trees3/prop_tree5" index="0"]
cast_shadow = 1
gi_mode = 1
gi_lightmap_texel_scale = 0.2

[node name="tree1_leaves-detail" parent="World/Trees3/prop_tree5" index="1"]
transform = Transform3D(1, 0, 0, 0, 0, -1, 0, 1, 0, 0, 0, 0)
cast_shadow = 1
gi_mode = 1
gi_lightmap_texel_scale = 0.2

[node name="prop_tree6" parent="World/Trees3" instance=ExtResource("8_4lngc")]
transform = Transform3D(0.9318181, 0, 0.36292604, 0, 1, 0, -0.36292604, 0, 0.9318181, 296.8721, 3.1583147, -10.576729)

[node name="tree1" parent="World/Trees3/prop_tree6" index="0"]
cast_shadow = 1
gi_mode = 1
gi_lightmap_texel_scale = 0.2

[node name="tree1_leaves-detail" parent="World/Trees3/prop_tree6" index="1"]
transform = Transform3D(1, 0, 0, 0, 0, -1, 0, 1, 0, 0, 0, 0)
cast_shadow = 1
gi_mode = 1
gi_lightmap_texel_scale = 0.2

[node name="prop_tree7" parent="World/Trees3" instance=ExtResource("8_4lngc")]
transform = Transform3D(0.02937001, 0, 0.9995692, 0, 1, 0, -0.9995692, 0, 0.02937001, 292.15356, 1.0800885, -0.41083527)

[node name="tree1" parent="World/Trees3/prop_tree7" index="0"]
cast_shadow = 1
gi_mode = 1
gi_lightmap_texel_scale = 0.2

[node name="tree1_leaves-detail" parent="World/Trees3/prop_tree7" index="1"]
transform = Transform3D(1, 0, 0, 0, 0, -1, 0, 1, 0, 0, 0, 0)
cast_shadow = 1
gi_mode = 1
gi_lightmap_texel_scale = 0.2

[node name="prop_tree8" parent="World/Trees3" instance=ExtResource("8_4lngc")]
transform = Transform3D(0.5061396, 0, 0.8624522, 0, 1, 0, -0.8624522, 0, 0.5061396, 288.44043, 0.3953141, -16.978844)

[node name="tree1" parent="World/Trees3/prop_tree8" index="0"]
cast_shadow = 1
gi_mode = 1
gi_lightmap_texel_scale = 0.2

[node name="tree1_leaves-detail" parent="World/Trees3/prop_tree8" index="1"]
transform = Transform3D(1, 0, 0, 0, 0, -1, 0, 1, 0, 0, 0, 0)
cast_shadow = 1
gi_mode = 1
gi_lightmap_texel_scale = 0.2

[node name="prop_tree9" parent="World/Trees3" instance=ExtResource("8_4lngc")]
transform = Transform3D(0.5061396, 0, 0.8624522, 0, 1, 0, -0.8624522, 0, 0.5061396, 283.0484, -0.037182927, -3.7846375)

[node name="tree1" parent="World/Trees3/prop_tree9" index="0"]
cast_shadow = 1
gi_mode = 1
gi_lightmap_texel_scale = 0.2

[node name="tree1_leaves-detail" parent="World/Trees3/prop_tree9" index="1"]
transform = Transform3D(1, 0, 0, 0, 0, -1, 0, 1, 0, 0, 0, 0)
cast_shadow = 1
gi_mode = 1
gi_lightmap_texel_scale = 0.2

[node name="prop_tree10" parent="World/Trees3" instance=ExtResource("8_4lngc")]
transform = Transform3D(0.6427342, 0, 0.76608944, 0, 1, 0, -0.76608944, 0, 0.6427342, 273.73245, -0.14944184, -12.321075)

[node name="tree1" parent="World/Trees3/prop_tree10" index="0"]
cast_shadow = 1
gi_mode = 1
gi_lightmap_texel_scale = 0.2

[node name="tree1_leaves-detail" parent="World/Trees3/prop_tree10" index="1"]
transform = Transform3D(1, 0, 0, 0, 0, -1, 0, 1, 0, 0, 0, 0)
cast_shadow = 1
gi_mode = 1
gi_lightmap_texel_scale = 0.2

[node name="prop_tree11" parent="World/Trees3" instance=ExtResource("8_4lngc")]
transform = Transform3D(0.5061396, 0, 0.8624522, 0, 1, 0, -0.8624522, 0, 0.5061396, 267.86978, -0.14371789, 1.6522598)

[node name="tree1" parent="World/Trees3/prop_tree11" index="0"]
cast_shadow = 1
gi_mode = 1
gi_lightmap_texel_scale = 0.2

[node name="tree1_leaves-detail" parent="World/Trees3/prop_tree11" index="1"]
transform = Transform3D(1, 0, 0, 0, 0, -1, 0, 1, 0, 0, 0, 0)
cast_shadow = 1
gi_mode = 1
gi_lightmap_texel_scale = 0.2

[node name="prop_tree12" parent="World/Trees3" instance=ExtResource("8_4lngc")]
transform = Transform3D(0.5061396, 0, 0.8624522, 0, 1, 0, -0.8624522, 0, 0.5061396, 279.21066, 0.09913719, -27.1203)

[node name="tree1" parent="World/Trees3/prop_tree12" index="0"]
cast_shadow = 1
gi_mode = 1
gi_lightmap_texel_scale = 0.2

[node name="tree1_leaves-detail" parent="World/Trees3/prop_tree12" index="1"]
transform = Transform3D(1, 0, 0, 0, 0, -1, 0, 1, 0, 0, 0, 0)
cast_shadow = 1
gi_mode = 1
gi_lightmap_texel_scale = 0.2

[node name="prop_tree13" parent="World/Trees3" instance=ExtResource("8_4lngc")]
transform = Transform3D(0.50613964, 0, 0.86245227, 0, 1, 0, -0.86245227, 0, 0.50613964, 327.61902, 1.9671029, -14.688034)

[node name="tree1" parent="World/Trees3/prop_tree13" index="0"]
cast_shadow = 1
gi_mode = 1
gi_lightmap_texel_scale = 0.2

[node name="tree1_leaves-detail" parent="World/Trees3/prop_tree13" index="1"]
